19, 26, 18, 26, 26, 26, 26, 18, 26, 18, 26, 26, 26, 26, 22, 
21, 0, 21, 0, 0, 0, 0, 21, 0, 21, 0, 0, 0, 0, 21, 
21, 0, 21, 0, 0, 0, 0, 21, 0, 25, 26, 18, 26, 26, 20, 
21, 0, 25, 26, 22, 0, 0, 21, 0, 19, 26, 28, 0, 0, 21, 
21, 0, 0, 0, 21, 0, 0, 21, 0, 21, 0, 0, 0, 0, 21, 
21, 0, 11, 26, 16, 26, 26, 20, 0, 25, 26, 22, 0, 0, 21, 
21, 0, 0, 0, 21, 0, 0, 21, 0, 0, 0, 21, 0, 0, 21, 
17, 26, 26, 18, 24, 26, 26, 16, 26, 18, 26, 24, 26, 26, 20, 
21, 0, 0, 21, 0, 0, 0, 21, 0, 21, 0, 0, 0, 0, 21, 
21, 0, 0, 25, 26, 22, 0, 21, 0, 21, 0, 0, 0, 0, 21, 
21, 0, 0, 19, 26, 28, 0, 21, 0, 25, 26, 18, 26, 26, 20, 
17, 26, 26, 20, 0, 0, 0, 21, 0, 0, 0, 21, 0, 0, 21, 
21, 0, 0, 25, 26, 22, 0, 17, 26, 14, 0, 21, 0, 0, 21, 
21, 0, 0, 0, 0, 21, 0, 21, 0, 0, 0, 21, 0, 0, 21, 
25, 26, 26, 26, 26, 24, 26, 24, 26, 26, 26, 24, 26, 26, 28, 