19, 26, 26, 26, 26, 26, 26, 18, 26, 26, 26, 26, 26, 26, 22, 
21, 0, 0, 0, 0, 0, 0, 21, 0, 0, 0, 0, 0, 0, 21, 
21, 0, 0, 0, 0, 0, 0, 21, 0, 0, 0, 0, 0, 0, 21, 
21, 0, 0, 0, 0, 0, 0, 21, 0, 0, 0, 0, 0, 0, 21, 
21, 0, 0, 0, 0, 0, 0, 21, 0, 0, 0, 0, 0, 0, 21, 
21, 0, 0, 0, 0, 0, 0, 21, 0, 0, 0, 0, 0, 0, 21, 
21, 0, 0, 0, 0, 0, 0, 21, 0, 0, 0, 0, 0, 0, 21, 
17, 26, 26, 26, 26, 26, 26, 16, 26, 26, 26, 26, 26, 26, 20, 
21, 0, 0, 0, 0, 0, 0, 21, 0, 0, 0, 0, 0, 0, 21, 
21, 0, 0, 0, 0, 0, 0, 21, 0, 0, 0, 0, 0, 0, 21, 
21, 0, 0, 0, 0, 0, 0, 21, 0, 0, 0, 0, 0, 0, 21, 
21, 0, 0, 0, 0, 0, 0, 21, 0, 0, 0, 0, 0, 0, 21, 
21, 0, 0, 0, 0, 0, 0, 21, 0, 0, 0, 0, 0, 0, 21, 
21, 0, 0, 0, 0, 0, 0, 21, 0, 0, 0, 0, 0, 0, 21, 
25, 26, 26, 26, 26, 26, 26, 24, 26, 26, 26, 26, 26, 26, 28, 